431 321 0.000000
431 321 1.000000
431 321 0.000000
431 321 1.000000
431 321 0.000000
431 321 1.000000
431 321 0.000000
431 321 1.000000
431 321 0.000000
431 321 1.000000
431 321 0.000000
431 321 1.000000
431 321 0.000000
431 321 1.000000
431 321 0.000000
431 321 1.000000
431 321 0.000000
431 321 1.000000
431 321 0.000000
431 321 1.000000
431 321 0.000000
431 321 1.000000
431 321 0.000000
93 115 0.000000
93 116 0.000000
93 117 0.000000
94 116 0.000000
96 116 0.000000
100 118 0.000000
100 118 1.000000
101 118 1.000000
431 321 0.000000
431 321 1.000000
431 321 0.000000
